     1.000
     0.660
     0.198
     0.187
     0.158
     0.141
     0.117
     0.115
     0.094
     0.082
     0.046
     0.032
     0.019
     0.017
     0.016
     0.015
     0.011
     0.009
     0.005
     0.003
     0.003
     0.001
     0.000
     0.000
     0.000
     0.000
     0.000
     0.000
     0.000
     0.000
     0.000
     0.000
     0.000
     0.000
     0.000
     0.000
     0.000
     0.000
     0.000
     0.000
     0.000
     0.000
     0.000
     0.000
     0.000
     0.000
     0.000
     0.000
     0.000
     0.000
     0.000
